   2.3063750e+03   1.8723750e+03
   2.3628750e+03   3.2006250e+03
   1.7766250e+03   3.1916250e+03
   1.1823750e+03   3.0988750e+03
   1.1653750e+03   2.7543750e+03
   2.3421250e+03   6.9187500e+02
   2.2243750e+03   2.4803750e+03
   2.2691250e+03   2.4838750e+03
   2.2678750e+03   2.4998750e+03
   2.2246250e+03   2.4961250e+03
   1.4148750e+03   2.5866250e+03
   1.8811250e+03   2.6518750e+03
   1.8698750e+03   2.6418750e+03
   2.0303750e+03   2.6366250e+03
   2.0608750e+03   2.7238750e+03
   1.9111250e+03   2.6856250e+03
