   1.2623750e+03   1.8321250e+03
   1.2273750e+03   3.1028750e+03
   6.6112500e+02   3.1831250e+03
   3.2125000e+01   3.1833750e+03
   7.8375000e+01   2.8151250e+03
   1.2766250e+03   7.0837500e+02
   1.2028750e+03   2.4148750e+03
   1.2436250e+03   2.4141250e+03
   1.2443750e+03   2.4328750e+03
   1.2031250e+03   2.4308750e+03
   3.9162500e+02   2.6083750e+03
   8.6687500e+02   2.6188750e+03
   8.5687500e+02   2.6103750e+03
   1.0111250e+03   2.5861250e+03
   1.0283750e+03   2.6696250e+03
   8.8837500e+02   2.6491250e+03
